102.328289 31.164144
102.424986 31.212493
102.317421 31.158711
102.185106 31.092553
102.211891 31.105945
102.101058 31.050529
102.370788 31.185394
102.335155 31.167577
102.242785 31.121392
102.245314 31.122657
102.272995 31.136497
102.034517 31.017259
102.232951 31.116476
102.264881 31.132440
102.346015 31.173008
102.291924 31.145962
102.347281 31.173641
102.363635 31.181818
102.071885 31.035942
102.349630 31.174815
102.046638 31.023319
102.392354 31.196177
102.393100 31.196550
102.131534 31.065767
102.305993 31.152996
102.366180 31.183090
102.277485 31.138742
102.324493 31.162247
102.066858 31.033429
102.131886 31.065943
102.231030 31.115515
102.166370 31.083185
102.096107 31.048054
102.278736 31.139368
102.336325 31.168162
102.331978 31.165989
102.200287 31.100143
102.185196 31.092598
102.124192 31.062096
102.413163 31.206581
102.100641 31.050321
102.315316 31.157658
102.343225 31.171612
102.235487 31.117743
102.271336 31.135668
102.241766 31.120883
102.310180 31.155090
102.348565 31.174282
102.370225 31.185112
102.157208 31.078604
102.298235 31.149118
102.380265 31.190133
102.137396 31.068698
102.315466 31.157733
102.022566 31.011283
102.319402 31.159701
102.088236 31.044118
102.312172 31.156086
102.072848 31.036424
102.321287 31.160643
102.235108 31.117554
102.053156 31.026578
102.186334 31.093167
102.094264 31.047132
102.437749 31.218875
102.440813 31.220406
102.306347 31.153173
102.217548 31.108774
102.350562 31.175281
102.332479 31.166240
102.409465 31.204732
102.206463 31.103232
102.114445 31.057223
102.120563 31.060281
102.182177 31.091089
102.216028 31.108014
102.107010 31.053505
102.102625 31.051312
102.158820 31.079410
102.417266 31.208633
102.346488 31.173244
102.258866 31.129433
102.450192 31.225096
102.291316 31.145658
102.433432 31.216716
102.357036 31.178518
102.395108 31.197554
102.018190 31.009095
102.186745 31.093372
102.313825 31.156912
102.138337 31.069169
102.248768 31.124384
102.187764 31.093882
102.270486 31.135243
102.011263 31.005631
102.124813 31.062407
102.433281 31.216640
102.194538 31.097269
102.249813 31.124907
102.260070 31.130035
102.285370 31.142685
102.305324 31.152662
102.185357 31.092679
102.241738 31.120869
102.094635 31.047318
102.386004 31.193002
102.062711 31.031355
102.330047 31.165024
102.444593 31.222296
102.272425 31.136212
102.304500 31.152250
102.169020 31.084510
102.207795 31.103897
102.038706 31.019353
102.184633 31.092317
102.060634 31.030317
102.287711 31.143856
102.086274 31.043137
102.121518 31.060759
102.374973 31.187487
102.130560 31.065280
102.192107 31.096053
102.045513 31.022756
102.165216 31.082608
102.071085 31.035543
102.267324 31.133662
102.092775 31.046388
102.139353 31.069677
102.385373 31.192687
102.151811 31.075905
102.159561 31.079780
102.057481 31.028740
102.043709 31.021855
102.086106 31.043053
102.285797 31.142899
102.363999 31.182000
102.004374 31.002187
102.162315 31.081158
102.274423 31.137211
102.180052 31.090026
102.428231 31.214115
102.363494 31.181747
102.154569 31.077284
102.345205 31.172603
102.088371 31.044185
102.069229 31.034615
102.153435 31.076717
102.169062 31.084531
102.147151 31.073576
102.416623 31.208312
102.317825 31.158913
102.353931 31.176965
102.411565 31.205782
102.302111 31.151056
102.128346 31.064173
102.426131 31.213066
102.123424 31.061712
102.229783 31.114891
102.208749 31.104374
102.351028 31.175514
102.079199 31.039600
102.101438 31.050719
102.197552 31.098776
102.124035 31.062018
102.324595 31.162298
102.096975 31.048487
102.393860 31.196930
102.334579 31.167289
102.097061 31.048530
102.277131 31.138565
102.311667 31.155834
102.403724 31.201862
102.340487 31.170244
102.111334 31.055667
102.154175 31.077087
102.201652 31.100826
102.260123 31.130061
102.246923 31.123461
102.239869 31.119935
102.033270 31.016635
102.137327 31.068664
102.316331 31.158165
102.210703 31.105352
102.206817 31.103408
102.278918 31.139459
102.377616 31.188808
102.201473 31.100736
102.387266 31.193633
102.186983 31.093492
102.215349 31.107675
102.267064 31.133532
102.248628 31.124314
102.244716 31.122358
102.129894 31.064947
102.252900 31.126450
102.379002 31.189501
102.138471 31.069235
102.205176 31.102588
102.449991 31.224996
102.084331 31.042165
102.353190 31.086505
102.268532 31.044176
102.541354 31.180587
102.539796 31.179808
102.287683 31.053751
102.473400 31.146610
102.287459 31.053639
102.303107 31.061463
102.567239 31.193529
102.402573 31.111197
102.307371 31.063596
102.608348 31.214084
102.590296 31.205058
102.216803 31.018312
102.244748 31.032284
102.562259 31.191039
102.279547 31.049684
102.554985 31.187402
102.193784 31.006802
102.545953 31.182886
102.232572 31.026196
102.200855 31.010337
102.244528 31.032174
102.366394 31.093107
102.505542 31.162681
102.316238 31.068029
102.440358 31.130089
102.185665 31.002742
102.265590 31.042705
102.328525 31.074172
102.372467 31.096143
102.226548 31.023184
102.289082 31.054451
102.471255 31.145538
102.524916 31.172368
102.527192 31.173506
102.625755 31.222787
102.331710 31.075765
102.359353 31.089586
102.399157 31.109488
102.613777 31.216799
102.380303 31.100061
102.496110 31.157965
102.237253 31.028537
102.560877 31.190349
102.611078 31.215449
102.244912 31.032366
102.453424 31.136622
102.518680 31.169250
102.240269 31.030044
102.323518 31.071669
102.366413 31.093116
102.412539 31.116179
102.252522 31.036171
102.419106 31.119463
102.211707 31.015764
102.482284 31.151052
102.460161 31.139990
102.473001 31.146411
102.623791 31.221805
102.538670 31.179245
102.356773 31.088297
102.537822 31.178821
102.578485 31.199152
102.515686 31.167753
102.400638 31.110229
102.558006 31.188913
102.280971 31.050395
102.413752 31.116786
102.613601 31.216710
102.465002 31.142411
102.376958 31.098389
102.562466 31.191143
102.355900 31.087860
102.333409 31.076614
102.397059 31.108439
102.357244 31.088532
102.453286 31.136553
102.247572 31.033696
102.292867 31.056343
102.406631 31.113225
102.332310 31.076065
102.483114 31.151467
102.298281 31.059051
102.502939 31.161379
102.253571 31.036695
102.523382 31.171601
102.592934 31.206377
102.247722 31.033771
102.526108 31.172964
102.311787 31.065803
102.607104 31.213462
102.320757 31.070289
102.222593 31.021206
102.274768 31.047294
102.408911 31.114366
102.575791 31.197805
102.256573 31.038197
102.510815 31.165318
102.492853 31.156336
102.414146 31.116983
102.462335 31.141077
102.492578 31.156199
102.562070 31.190945
102.553170 31.186495
102.181801 31.000811
102.602292 31.211056
102.546276 31.183048
102.483469 31.151644
102.463581 31.141700
102.611327 31.215573
102.590881 31.205351
102.200524 31.010172
102.446944 31.133382
102.556814 31.188317
102.359505 31.089662
102.522605 31.171212
102.388727 31.104273
102.198430 31.009125
102.428139 31.123980
102.493729 31.156774
102.547840 31.183830
102.418611 31.119215
102.346367 31.083093
102.310365 31.065092
102.459957 31.139889
102.299338 31.059579
102.183580 31.001700
102.332354 31.076087
102.407047 31.113433
102.543741 31.181780
102.342334 31.081077
102.244675 31.032247
102.606638 31.213229
102.415481 31.117650
102.206119 31.012969
102.416614 31.118217
102.367054 31.093437
102.581624 31.200722
102.431138 31.125479
102.541959 31.180890
102.588006 31.203913
102.398204 31.109012
102.558250 31.189035
102.251679 31.035750
102.466293 31.143056
102.558703 31.189262
102.480344 31.150082
102.186507 31.003164
102.534732 31.177276
102.219749 31.019784
102.320511 31.070166
102.429685 31.124752
102.250551 31.035185
102.593148 31.206484
102.400563 31.110191
102.413012 31.116416
102.213117 31.016468
102.383046 31.101433
102.184447 31.002134
102.181362 31.000591
102.184181 31.002001
102.474179 31.146999
102.396841 31.108330
102.511098 31.165459
102.319922 31.069871
102.501325 31.160572
102.428788 31.124304
102.392978 31.106399
102.450987 31.135404
102.610560 31.215190
102.200041 31.009930
102.572280 31.196050
102.582035 31.200927
102.545337 31.182578
102.448914 31.134367
102.629907 31.224864
102.507534 31.163677
102.346993 31.083407
102.257965 31.038893
102.545448 31.182634
102.186801 31.003310
102.518495 31.169157
102.580822 31.200321
102.445229 31.132524
102.338767 31.079294
102.441390 31.130605
102.617840 31.218830
102.278245 31.049033
102.626468 31.223144
102.245534 31.032677
102.298306 31.059063
102.562309 31.191064
102.325001 31.072410
102.586074 31.202947
102.238365 31.029092
102.538617 31.179218
102.291380 31.055600
102.569836 31.194828
102.256928 31.038374
102.500000 31.094430
102.500000 31.101965
102.500000 31.105652
102.500000 31.237370
102.500000 31.043885
102.500000 31.024188
102.500000 31.051538
102.500000 31.161888
102.500000 31.171273
102.500000 31.172014
102.500000 31.070084
102.500000 31.122774
102.500000 31.100866
102.500000 31.089125
102.500000 31.005321
102.500000 31.225546
102.500000 31.200873
102.500000 31.050806
102.500000 31.099424
102.500000 31.233355
102.500000 31.120636
102.500000 31.106750
102.500000 31.057858
102.500000 31.105349
102.500000 31.228314
102.500000 31.121375
102.500000 31.190292
102.500000 31.139421
102.500000 31.046433
102.500000 31.091216
102.500000 31.026337
102.500000 31.244075
102.500000 31.224429
102.500000 31.014112
102.500000 31.117413
102.500000 31.004281
102.500000 31.047494
102.500000 31.180525
102.500000 31.094496
102.500000 31.190380
102.500000 31.098308
102.500000 31.203052
102.500000 31.250917
102.500000 31.069995
102.500000 31.064137
102.500000 31.239863
102.500000 31.048944
102.500000 31.068314
102.500000 31.082557
102.500000 31.157511
102.500000 31.179830
102.500000 31.224159
102.500000 31.158624
102.500000 31.056691
102.500000 31.033229
102.500000 31.190302
102.500000 31.111263
102.500000 31.191825
102.500000 31.059088
102.500000 31.126758
102.500000 31.008285
102.500000 31.180901
102.500000 31.016688
102.500000 31.103271
102.500000 31.116271
102.500000 31.057861
102.500000 31.234664
102.500000 31.116068
102.500000 31.101568
102.500000 31.186043
102.500000 31.077105
102.500000 31.018511
102.500000 31.239642
102.500000 31.162290
102.500000 31.138330
102.500000 31.037167
102.500000 31.175540
102.500000 31.251759
102.500000 31.209572
102.500000 31.191000
102.500000 31.120934
102.500000 31.094152
102.500000 31.224825
102.500000 31.248796
102.500000 31.207901
102.500000 31.223692
102.500000 31.144321
102.500000 31.213807
102.500000 31.051304
102.500000 31.104473
102.500000 31.238974
102.500000 31.101971
102.500000 31.040262
102.500000 31.172838
102.500000 31.197135
102.500000 31.205902
102.500000 31.021705
102.500000 31.029048
102.500000 31.051323
102.500000 31.216644
102.500000 31.046664
102.500000 31.069613
102.500000 31.021546
102.500000 31.146202
102.500000 31.004826
102.500000 31.154447
102.500000 31.154781
102.500000 31.250418
102.500000 31.225913
102.500000 31.041888
102.500000 31.079180
102.500000 31.231551
102.500000 31.075569
102.500000 31.005991
102.500000 31.001518
102.500000 31.056793
102.500000 31.200809
102.500000 31.210109
102.500000 31.012418
102.500000 31.205711
102.500000 31.000825
102.500000 31.209121
102.500000 31.164614
102.500000 31.095113
102.500000 31.179602
102.500000 31.229384
102.500000 31.165682
102.500000 31.016456
102.500000 31.028683
102.500000 31.229259
102.500000 31.200987
102.500000 31.105567
102.500000 31.051717
102.500000 31.145965
102.500000 31.066162
102.500000 31.099271
102.500000 31.216924
102.500000 31.002577
102.500000 31.088939
102.500000 31.098664
102.500000 31.133903
102.500000 31.114182
102.500000 31.093337
102.500000 31.006390
102.500000 31.188755
102.500000 31.240149
102.500000 31.051498
102.500000 31.009547
102.500000 31.133312
102.500000 31.044880
102.500000 31.097637
102.500000 31.250939
102.500000 31.190509
102.500000 31.001141
102.500000 31.240319
102.500000 31.119333
102.500000 31.077807
102.500000 31.199790
102.500000 31.210867
102.500000 31.218683
102.500000 31.138479
102.500000 31.070116
102.500000 31.244096
102.500000 31.106346
102.500000 31.072801
102.500000 31.249597
102.500000 31.200135
102.500000 31.230657
102.500000 31.130321
102.500000 31.146765
102.500000 31.047207
102.500000 31.044556
102.500000 31.079896
102.500000 31.100980
102.500000 31.168056
102.500000 31.093631
102.500000 31.105233
102.500000 31.251182
102.500000 31.251198
102.500000 31.168741
102.500000 31.064697
102.500000 31.163634
102.500000 31.186194
102.500000 31.236236
102.500000 31.075821
102.500000 31.195134
102.500000 31.111371
102.500000 31.140147
102.500000 31.096408
102.500000 31.189865
102.500000 31.204744
102.500000 31.170312
102.500000 31.021374
102.500000 31.089439
102.500000 31.251182
102.500000 31.079455
102.500000 31.009965
102.500000 31.222669
102.500000 31.210945
102.500000 31.186955
